# Generated at http://cosmo-epfl.github.io/gle4md
# Please cite:
# M. Ceriotti, G. Bussi and M. Parrinello, J. Chem. Theory Comput. 6, 1170 (2010)
# M. Ceriotti, G. Bussi and M. Parrinello, Phys. Rev. Lett. 102, 020601 (2009)
# Smart-sampling GLE. Enforces efficient sampling, focussing the effort on the slowest mode
# accessible by the simulation. Generated from the parameter file
# library/smart/smart-0.5_6-2.a,
# and shifted so that they are effective to sample optimally
# a time scale of t_opt=10 atomic time units,
# and do as well as possible upt to a cutoff frequency of
# νmax=413414 THz [13789998 cm^-1]
# Raw matrix format.
# A MATRIX: (atomic time units^-1)
   3.386281653149e+0    3.443118824048e+1    6.853456504773e+0    4.025405400887e+0    1.174840729213e+0   -1.313352136850e-1   -1.226602892172e+0
  -3.468481955231e+0    9.944778982366e+1   -6.233751547554e+1    1.070652383078e+1    6.270591914470e+0   -2.463463597066e+0    1.735685476891e+0
   3.224094094292e+0    6.233751547554e+1    3.542558650374e+1    2.480896213019e+1    4.390575373437e+0    4.522494721916e+0   -1.100331889779e+1
  -4.000515097620e+0   -1.070652383078e+1   -2.480896213019e+1    1.108138713594e-1   -2.155826332720e-1    1.749279579329e+0   -8.701924766486e-2
  -1.174920664525e+0   -6.270591914470e+0   -4.390575373437e+0    2.155826332720e-1    5.927954083432e-6   -1.753525049730e-1    3.270176631583e-1
   1.377994097069e-1    2.463463597066e+0   -4.522494721916e+0   -1.749279579329e+0    1.753525049730e-1    9.862209897519e-5   -1.297811343382e-1
   1.226819236065e+0   -1.735685476891e+0    1.100331889779e+1    8.701924766486e-2   -3.270176631583e-1    1.297811343382e-1    1.005656723509e-7
