   5.266052593824e-1    2.052439549166e-4    8.546777100293e-4    3.832126598208e-3   -1.610232664919e-2   -8.443508803250e-2    7.169378787117e-1
   4.343241380516e-5    5.294241558764e-5    2.270030265147e-5   -1.232942831339e-5   -4.034200307841e-5    2.025021635904e-4    2.113444001585e-6
   5.601473943917e-4   -2.270030265147e-5    5.476136775169e-4    1.376370476088e-4    1.604115119888e-4    9.331728378248e-5   -2.137289385782e-4
   3.076997182060e-3    1.232942831339e-5   -1.376370476088e-4    3.680486112017e-3    3.271354721705e-5   -5.694221891674e-5    3.578132058831e-5
  -1.653259545153e-2    4.034200307841e-5   -1.604115119888e-4   -3.271354721705e-5    2.161012448659e-2   -5.149557435531e-4   -7.101636230448e-5
  -8.156478284427e-2   -2.025021635904e-4   -9.331728378248e-5    5.694221891674e-5    5.149557435531e-4    1.315489173042e-1   -1.847711704384e-4
   7.250436921257e-1   -2.113444001585e-6    2.137289385782e-4   -3.578132058831e-5    7.101636230448e-5    1.847711704384e-4    1.136323225372e+0
