# Generated at http://cosmo-epfl.github.io/gle4md
# Please cite:
# M. Ceriotti, G. Bussi and M. Parrinello, J. Chem. Theory Comput. 6, 1170 (2010) 
# M. Ceriotti, G. Bussi and M. Parrinello, Phys. Rev. Lett. 102, 020601 (2009)
# Smart-sampling GLE. Enforces efficient sampling, focussing the effort on the slowest mode 
# accessible by the simulation. Generated from the parameter file
# library/smart/smart-0.5_6-2.a, 
# and shifted so that they are effective to sample optimally 
# a time scale of t_opt=1 picoseconds,
# and do as well as possible upt to a cutoff frequency of 
# νmax=100 THz [3336 cm^-1]
# Raw matrix format. 
# A MATRIX: (femtoseconds^-1)
   3.386281653149e-2    3.443118824048e-1    6.853456504773e-2    4.025405400887e-2    1.174840729213e-2   -1.313352136850e-3   -1.226602892172e-2 
  -3.468481955231e-2    9.944778982366e-1   -6.233751547554e-1    1.070652383078e-1    6.270591914470e-2   -2.463463597066e-2    1.735685476891e-2 
   3.224094094292e-2    6.233751547554e-1    3.542558650374e-1    2.480896213019e-1    4.390575373437e-2    4.522494721916e-2   -1.100331889779e-1 
  -4.000515097620e-2   -1.070652383078e-1   -2.480896213019e-1    1.108138713594e-3   -2.155826332720e-3    1.749279579329e-2   -8.701924766486e-4 
  -1.174920664525e-2   -6.270591914470e-2   -4.390575373437e-2    2.155826332720e-3    5.927954083432e-8   -1.753525049730e-3    3.270176631583e-3 
   1.377994097069e-3    2.463463597066e-2   -4.522494721916e-2   -1.749279579329e-2    1.753525049730e-3    9.862209897519e-7   -1.297811343382e-3 
   1.226819236065e-2   -1.735685476891e-2    1.100331889779e-1    8.701924766486e-4   -3.270176631583e-3    1.297811343382e-3    1.005656723509e-9 
